1.058002878157978888e+00 -2.974416642344324657e+01
1.052072981675080676e+00 -2.871202733716103950e+01
1.046209186496956489e+00 -2.767708212401144507e+01
1.040410393490310392e+00 -2.662936900526207040e+01
1.034675527756059532e+00 -2.556550157737718365e+01
1.029003537965087034e+00 -2.448602093279234282e+01
1.023393395715721965e+00 -2.339716627212334643e+01
1.017844094912125685e+00 -2.232676270470205182e+01
1.012354651162790775e+00 -2.136342300903036673e+01
1.006924101198402255e+00 -2.066247432491990210e+01
1.001551502308332786e+00 -2.028265964451520631e+01
9.962359317950842952e-01 -2.005203205280500711e+01
9.909764864460087752e-01 -1.982971742815173144e+01
9.857722820216768822e-01 -1.963823806609867262e+01
9.806224527602815932e-01 -1.944283657516621489e+01
9.755261508974977236e-01 -1.907727944765859363e+01
9.704825462012321990e-01 -1.835768782724799664e+01
9.654908255207385048e-01 -1.719599172430085332e+01
9.605501923495682881e-01 -1.564646129470836300e+01
9.556598664018776113e-01 -1.389003031248435249e+01
9.508190832016095717e-01 -1.217492770570718186e+01
9.460270936840979861e-01 -1.073130666790622101e+01
9.412831638096594844e-01 -9.684443295733245805e+00
9.365865741887541285e-01 -9.014533252509082217e+00
9.319366197183099887e-01 -8.594478386716049911e+00
9.273326092288287636e-01 -8.264238325232570404e+00
9.227738651419009619e-01 -7.887912541027521485e+00
9.182597231377721547e-01 -7.386480129871137557e+00
9.137895318326200167e-01 -6.744860575676384862e+00
9.093626524652123067e-01 -5.992501933785863599e+00
9.049784585926280434e-01 -5.174485053461975959e+00
9.006363357947391179e-01 -4.330977477184442037e+00
8.963356813871580231e-01 -3.489664104538834799e+00
8.920759041423710345e-01 -2.666592636952689777e+00
8.878564240187858392e-01 -1.869650821227275550e+00
8.836766718974325974e-01 -1.101648618359567067e+00
8.795360893260667501e-01 -3.624553633859510793e-01
8.754341282704329874e-01 3.496303536074507612e-01
8.713702508724568974e-01 1.037143186004084727e+00
8.673439292151402524e-01 1.703108052768637748e+00
8.633546450939458827e-01 2.350691894579524543e+00
8.594018897944606383e-01 2.982701482285715855e+00
8.554851638761393762e-01 3.601160873227313708e+00
8.516039769619356825e-01 4.207290342679054440e+00
8.477578475336323693e-01 4.801832018445673533e+00
8.439463027326936650e-01 5.385386721563454770e+00
8.401688781664657935e-01 5.958548006071701764e+00
8.364251177195589637e-01 6.521867976035262693e+00
8.327145733702492336e-01 7.075809043474576399e+00
8.290368050117462584e-01 7.620751475171267941e+00
8.253913802781762676e-01 8.157030422598145591e+00
8.217778743751359416e-01 8.684926538678297447e+00
8.181958699146780756e-01 9.204642582578907550e+00
8.146449567545939185e-01 9.716271013136219992e+00
8.111247318418634000e-01 1.021980667100794449e+01
8.076347990601446813e-01 1.071519161878806692e+01
8.041747690811861249e-01 1.120237006682342518e+01
8.007442592200406661e-01 1.168133269587449874e+01
7.973428932939689018e-01 1.215213822676745004e+01
7.939703014849258667e-01 1.261491482596537317e+01
7.906261202055204773e-01 1.306984466926305188e+01
7.873099919683493875e-01 1.351713108664431395e+01
7.840215652586053352e-01 1.395696272423602124e+01
7.807604944098648359e-01 1.438948475018542794e+01
7.775264394829612957e-01 1.481479091255530101e+01
7.743190661478600578e-01 1.523291688655359089e+01
7.711380455684400115e-01 1.564389703537361598e+01
7.679830542901081580e-01 1.604777769467103354e+01
7.648537741301583148e-01 1.644466201586165255e+01
7.617498920708016819e-01 1.683472632512741640e+01
7.586711001547900013e-01 1.721820295165208492e+01
7.556170953835612547e-01 1.759535189811639100e+01
7.525875796178345123e-01 1.796642064051898657e+01
7.495822594805856554e-01 1.833158800564632784e+01
7.466008462623413555e-01 1.869096499394249378e+01
7.436430558287209225e-01 1.904457019191727341e+01
7.407086085301690659e-01 1.939237677511119529e+01
7.377972291138181760e-01 1.973432786223985147e+01
7.349086466374188387e-01 2.007037178889194706e+01
7.320425943852856276e-01 2.040048763252635666e+01
7.291988097862023288e-01 2.072467935124469918e+01
7.263770343332328627e-01 2.104299121131377959e+01
7.235770135053858354e-01 2.135549344397168170e+01
7.207984966910864211e-01 2.166227706105327044e+01
7.180412371134020644e-01 2.196345142944629814e+01
7.153049917569794802e-01 2.225913105883050136e+01
7.125895212966453229e-01 2.254943802187575486e+01
7.098945900276266707e-01 2.283449800433032451e+01
7.072199657973493592e-01 2.311442509201840423e+01
7.045654199387728633e-01 2.338933498012402623e+01
7.019307272052193181e-01 2.365933024861410416e+01
6.993156657066610382e-01 2.392450315357159951e+01
6.967200168474254607e-01 2.418493809744322220e+01
6.941435652652837573e-01 2.444070754424950564e+01
6.915860987718840391e-01 2.469188122742135505e+01
6.890474082944990641e-01 2.493851742525157533e+01
6.865272878190495920e-01 2.518068130803947824e+01
6.840255343343757399e-01 2.541842820670714076e+01
6.815419477777204804e-01 2.565181478894379197e+01
6.790763309813984128e-01 2.588089774592170045e+01
6.766284896206156141e-01 2.610572643784025715e+01
6.741982321624169217e-01 2.632635157454560115e+01
6.717853698157266740e-01 2.654281603739669748e+01
6.693897164824602619e-01 2.675515383910534695e+01
6.670110887096774022e-01 2.696340117132868741e+01
6.646493056427514867e-01 2.716758367939701557e+01
6.623041889795306947e-01 2.736772819488893305e+01
6.599755629254668854e-01 2.756386673859098124e+01
6.576632541496868489e-01 2.775604062038248898e+01
6.553670917419833764e-01 2.794430756278046601e+01
6.530869071707051665e-01 2.812874808896643941e+01
6.508225342415226988e-01 2.830946899638323089e+01
6.485738090570476455e-01 2.848659759440700512e+01
6.463405699772888369e-01 2.866028155214278073e+01
6.441226575809199106e-01 2.883066980114295674e+01
6.419199146273434353e-01 2.899790570162187819e+01
6.397321860195300802e-01 2.916211082603881621e+01
6.375593187676150686e-01 2.932337897841985708e+01
6.354011619532339283e-01 2.948176828264222848e+01
6.332575666945807757e-01 2.963731058598165902e+01
6.311283861121709249e-01 2.979001606500428778e+01
6.290134752952919461e-01 2.993988147979652226e+01
6.269126912691268538e-01 3.008689520829459951e+01
6.248258929625346569e-01 3.023105457408885499e+01
6.227529411764707312e-01 3.037235809280575793e+01
6.206936985530357997e-01 3.051081908195749648e+01
6.186480295451358691e-01 3.064645443055157514e+01
6.166158003867390214e-01 3.077929391006282245e+01
6.145968790637190704e-01 3.090937190560999781e+01
6.125911352852679848e-01 3.103672897860498381e+01
6.105984404558667533e-01 3.116140862103963372e+01
6.086186676478028135e-01 3.128345657007048430e+01
6.066516915742183880e-01 3.140292023316056813e+01
6.046973885626812928e-01 3.151984407391787713e+01
6.027556365292643381e-01 3.163427659344441878e+01
6.008263149531226643e-01 3.174626119636469923e+01
5.989093048515569118e-01 3.185584498590198876e+01
5.970044887555545632e-01 3.196306760818621839e+01
5.951117506857939166e-01 3.206797205878437751e+01
5.932309761291045813e-01 3.217060034071177910e+01
5.913620520153721749e-01 3.227099173360515039e+01
5.895048666948794480e-01 3.236918201488897751e+01
5.876593099160708489e-01 3.246521135270275948e+01
5.858252728037363077e-01 3.255911660336978741e+01
5.840026478375993646e-01 3.265093217489739175e+01
5.821913288313059764e-01 3.274069118544888113e+01
5.803912109118020135e-01 3.282843112252763262e+01
5.786021904990928943e-01 3.291418390827384854e+01
5.768241652863743685e-01 3.299798193706852345e+01
5.750570342205323371e-01 3.307985555772388864e+01
5.733006974829961688e-01 3.315984079023136388e+01
5.715550564709439563e-01 3.323796502135170527e+01
5.698200137788493880e-01 3.331425887637077921e+01
5.680954731803645741e-01 3.338875375178085392e+01
5.663813396105286113e-01 3.346147906642732295e+01
5.646775191483006662e-01 3.353245957854603887e+01
5.629839189994043647e-01 3.360173166458348959e+01
5.613004474794817122e-01 3.366931584603557326e+01
5.596270139975472180e-01 3.373524112708002320e+01
5.579635290397386704e-01 3.379953846635044101e+01
5.563099041533546840e-01 3.386222928559335088e+01
5.546660519311775728e-01 3.392334252247811577e+01
5.530318859960717814e-01 3.398290134871677992e+01
5.514073209858537661e-01 3.404093450120186048e+01
5.497922725384295495e-01 3.409746044306795909e+01
5.481866572771898483e-01 3.415251087291411380e+01
5.465903927966627718e-01 3.420610236417424233e+01
5.450033976484154330e-01 3.425826421010558676e+01
5.434255913272010297e-01 3.430901370885452195e+01
5.418568942573446234e-01 3.435837937722674695e+01
5.402972277793655076e-01 3.440637657795656423e+01
5.387465141368290578e-01 3.445303504503328185e+01
5.372046764634246241e-01 3.449836966012134809e+01
5.356716387702645799e-01 3.454240469127203994e+01
5.341473259334006407e-01 3.458515971097045849e+01
5.326316636815520145e-01 3.462665726427030677e+01
5.311245785840423839e-01 3.466691578951913755e+01
5.296259980389410593e-01 3.470595457898487979e+01
5.281358502614038608e-01 3.474379653290114334e+01
5.266540642722117305e-01 3.478045622133543446e+01
5.251805698864989713e-01 3.481595622354437580e+01
5.237152977026733325e-01 3.485031348215665048e+01
5.222581790915190592e-01 3.488354725355108599e+01
5.208091461854819082e-01 3.491567370824423477e+01
5.193681318681319103e-01 3.494671551289196287e+01
5.179350697638011036e-01 3.497668397990934608e+01
5.165098942273915750e-01 3.500559889384759060e+01
5.150925403343518116e-01 3.503347900502310353e+01
5.136829438708174767e-01 3.506033698684834121e+01
5.122810413239136107e-01 3.508619596988049238e+01
5.108867698722154849e-01 3.511106366482617602e+01
5.095000673763643295e-01 3.513496067733693451e+01
5.081208723698356078e-01 3.515790484374673497e+01
5.067491240498573912e-01 3.517990447822933930e+01
5.053847622684743968e-01 3.520098287285590999e+01
5.040277275237569077e-01 3.522114737688867336e+01
5.026779609511510261e-01 3.524042050440309026e+01
5.013354043149660377e-01 3.525880809228181789e+01
